Solucion: [0, 4, 3, 2, 6, 8, 12, 13, 15, 23, 26, 24, 19, 25, 27, 28, 22, 21, 20, 16, 17, 18, 14, 11, 7, 9, 10, 5, 1] 
Costo: 28067 
Tiempo: 109.29177641868591 
Solucion: [0, 1, 4, 3, 2, 6, 8, 12, 13, 15, 23, 26, 24, 19, 25, 27, 28, 22, 21, 20, 16, 17, 18, 14, 11, 7, 9, 10, 5] 
Costo: 28087 
Tiempo: 104.48239994049072 
Solucion: [0, 4, 3, 2, 6, 8, 12, 13, 15, 23, 26, 24, 19, 25, 27, 28, 22, 21, 20, 16, 17, 18, 14, 11, 7, 9, 10, 5, 1] 
Costo: 28067 
Tiempo: 103.77479386329651 

Solucion: [0, 1, 5, 9, 10, 14, 18, 17, 16, 20, 21, 22, 28, 27, 25, 19, 24, 26, 23, 15, 13, 12, 11, 7, 8, 6, 2, 3, 4] 
Costo: 28027 
Tiempo: 104.58779978752136 

